4294967278,11
4294967278,10
4294967278,9
4294967278,8
4294967278,22
4294967278,21
4294967278,20
4294967278,19
4294967278,18
4294967278,17
4294967278,16
4294967278,13
4294967278,12
4294967278,15
4294967278,356
4294967279,338
4294967278,14
4294967278,355
4294967279,406
4294967279,349
4294967278,266
4294967279,363
4294967279,336
4294967279,335
4294967278,323
4294967279,264
265,11
265,10
265,9
265,8
265,7
265,6
265,5
4294967279,385
4294967278,293
4294967279,282
4294967278,354
4294967279,395
4294967278,258
4294967279,390
4294967278,419
4294967279,281
4294967278,418
4294967278,27
4294967278,26
4294967278,25
4294967278,24
4294967278,23
4294967278,417
4294967278,348
4294967278,0
4294967279,362
4294967278,292
4294967278,352
4294967278,402
4294967279,315
4294967279,258
4294967278,287
4294967278,254
4294967278,367
4294967278,229
4294967278,31
4294967278,30
4294967278,29
4294967278,28
4294967279,358
4294967278,350
4294967279,389
4294967278,394
4294967278,250
4294967279,253
4294967278,380
4294967278,247
4294967278,245
285,4
285,3
285,2
285,1
4294967278,290
4294967279,240
4294967279,239
4294967278,35
4294967278,34
4294967278,33
4294967278,32
4294967278,387
4294967279,300
4294967278,236
4294967279,236
4294967279,0
4294967278,222
4294967278,46
4294967278,45
4294967278,44
4294967278,43
4294967278,42
4294967278,41
4294967278,40
4294967278,39
4294967278,38
4294967278,37
4294967278,36
4294967278,407
4294967278,216
225,4
4294967279,299
4294967279,298
223,6
4294967278,62
4294967278,61
4294967278,60
4294967278,59
4294967278,58
4294967278,57
4294967278,56
4294967278,55
4294967278,54
4294967278,53
4294967278,52
4294967278,51
4294967278,50
4294967278,49
4294967278,48
4294967278,47
4294967279,83
4294967279,82
4294967279,81
4294967279,80
4294967279,79
4294967279,76
4294967279,74
221,4
4294967294,471
4294967294,391
4294967294,390
4294967294,398
4294967294,405
4294967294,404
4294967294,408
4294967294,406
4294967294,166
4294967294,189
4294967294,384
4294967294,394
4294967294,24
4294967294,451
4294967294,590
4294967294,120
4294967294,387
4294967294,175
4294967294,183
4294967294,118
4294967294,116
4294967294,113
4294967294,112
4294967294,111
4294967294,110
4294967294,109
4294967294,108
4294967294,167
4294967294,104
4294967294,106
4294967294,19
4294967294,160
4294967294,119
4294967294,168
4294967279,357
4294967279,356
4294967278,347
4294967279,397
4294967279,355
4294967279,329
4294967278,409
4294967279,382
4294967278,398
4294967279,372
4294967294,401
4294967294,260
4294967294,1082
4294967294,1073
4294967294,261
4294967294,1072
4294967294,1071
4294967294,1069
4294967294,1068
4294967294,1067
4294967294,1070
4294967294,1057
4294967294,258
4294967294,256
4294967294,257
4294967294,259
4294967294,1081
4294967294,1077
4294967294,1075
4294967294,262
4294967294,1066
4294967294,422
4294967294,161
4294967294,185
4294967294,176
4294967294,173
4294967294,263
4294967294,163
4294967294,190
4294967294,162
4294967294,264
4294967294,267
4294967278,377
4294967279,328
4294967278,393
4294967279,327
4294967278,317
248,6
4294967279,326
4294967278,316
4294967278,345
4294967278,315
4294967278,344
4294967279,353
4294967279,73
4294967279,71
4294967279,70
4294967279,68
4294967279,65
4294967279,63
4294967279,62
4294967279,61
4294967279,60
4294967279,55
4294967279,54
4294967279,53
4294967279,52
4294967279,51
4294967279,48
4294967279,46
4294967279,45
4294967279,43
4294967279,42
4294967278,384
4294967279,380
4294967278,397
4294967278,408
4294967294,157
4294967294,182
4294967294,1078
4294967294,1083
4294967294,1076
4294967294,170
4294967278,343
4294967279,195
4294967278,193
4294967279,194
4294967278,192
4294967278,312
4294967279,193
4294967278,191
4294967279,323
4294967279,191
4294967279,189
4294967278,189
284,4
4294967279,190
284,3
284,2
284,1
4294967279,378
4294967278,188
4294967278,374
4294967278,373
4294967279,322
4294967278,401
4294967294,115
4294967278,392
4294967279,184
4294967278,182
4294967279,183
4294967278,181
4294967278,391
4294967278,180
4294967279,246
4294967294,1
4294967294,1175
4294967279,180
4294967278,175
4294967278,178
283,7
4294967279,386
283,6
4294967278,177
283,5
4294967279,178
283,4
4294967278,176
283,3
283,2
283,1
4294967279,177
4294967294,75
4294967279,260
4294967279,175
4294967279,173
4294967278,170
4294967294,41
4294967278,169
4294967294,386
265,4
4294967279,233
4294967279,40
4294967279,38
4294967279,37
4294967279,35
4294967279,169
4294967294,46
4294967279,168
248,5
227,5
225,5
223,5
221,5
4294967278,165
229,4
227,4
4294967279,34
4294967279,33
4294967279,32
4294967279,27
4294967279,26
4294967279,24
4294967279,23
4294967279,21
4294967279,18
4294967279,17
4294967279,16
4294967279,15
4294967279,14
4294967279,11
4294967279,10
4294967279,9
4294967278,163
4294967279,164
282,4
4294967278,162
4294967294,492
4294967294,2
