
C0 = 0.4995
Ce = 0.4933
Ci = 0.5
C6 = -3.6319444444444444444444444444444444444444444440E-4
C5 = 4.4324074074074074074074074074074074074074074070E-3
C4 = -2.0260648148148148148148148148148148148148148150E-2
C3 = 4.1076851851851851851851851851851851851851851850E-2
C2 = -3.1085416666666666666666666666666666666666666670E-2
zi = 3.0
ze = 1.0
J = 6995968
-------------------------------------------------------------------------------------

     t M                     N                     C                     k
     0 1.                    1.                    4.9950E-1             1.                  0
     1 1.648721270700128147  0.0                   0.0                   1.                  0
     2 2.718281828459045235  0.0                   0.0                   1.                  0
     3 4.481689070338064823  0.0                   0.0                   1.                  0
     4 7.389056098930650227  0.0                   0.0                   1.                  0
     5 1.2182493960703470E+1 0.0                   0.0                   1.072               0
     6 2.0085536923187670E+1 0.0                   0.0                   1.18                0
     7 3.3115451958692310E+1 0.0                   0.0                   1.292               0
     8 5.4598150033144240E+1 0.0                   0.0                   1.407               0
     9 9.0017131300521810E+1 0.0                   0.0                   1.523               0
    10 1.4841315910257660E+2 0.0                   0.0                   1.64                0
    11 2.4469193226422040E+2 0.0                   0.0                   1.758               0
    12 4.0342879349273510E+2 0.0                   0.0                   1.876               0
    13 6.6514163304436180E+2 0.0                   0.0                   1.995               0
    14 1.0966331584284590E+3 0.0                   0.0                   2.114               0
    15 1.8080424144560630E+3 0.0                   0.0                   2.233               0
    16 2.9809579870417280E+3 0.0                   0.0                   2.352               0
    17 4.9147688402991340E+3 0.0                   0.0                   2.471               0
    18 8.1030839275753840E+3 0.0                   0.0                   2.59                0
    19 1.3359726829661870E+4 0.0                   0.0                   2.709               0
    20 2.2026465794806720E+4 0.0                   0.0                   2.828               0
    21 3.6315502674246640E+4 0.0                   0.0                   2.946               0
    22 5.9874141715197820E+4 0.0                   0.0                   3.065               0
t = 22; k[] = 2.828, 2.946, 3.065
dk/dt = 0.1195
k - 3 - (dk/dt / k) = 0.026011419249592
N = 5.8604406156800470E+4
C0 = 0.4995
Ce = 0.4933
Ci = 0.5
C6 = -3.6319444444444444444444444444444444444444444440E-4
C5 = 4.4324074074074074074074074074074074074074074070E-3
C4 = -2.0260648148148148148148148148148148148148148150E-2
C3 = 4.1076851851851851851851851851851851851851851850E-2
C2 = -3.1085416666666666666666666666666666666666666670E-2
zi = 3.0
ze = 1.0
J = 6995968
-------------------------------------------------------------------------------------

     t M                     N                     C                     k
     0 1.                    1.                    4.9950E-1             1.                  0
     1 1.648721270700128147  0.0                   0.0                   1.                  0
     2 2.718281828459045235  0.0                   0.0                   1.                  0
     3 4.481689070338064823  0.0                   0.0                   1.                  0
     4 7.389056098930650227  0.0                   0.0                   1.                  0
     5 1.2182493960703470E+1 0.0                   0.0                   1.072               0
     6 2.0085536923187670E+1 0.0                   0.0                   1.18                0
     7 3.3115451958692310E+1 0.0                   0.0                   1.292               0
     8 5.4598150033144240E+1 0.0                   0.0                   1.407               0
     9 9.0017131300521810E+1 0.0                   0.0                   1.523               0
    10 1.4841315910257660E+2 0.0                   0.0                   1.64                0
    11 2.4469193226422040E+2 0.0                   0.0                   1.758               0
    12 4.0342879349273510E+2 0.0                   0.0                   1.876               0
    13 6.6514163304436180E+2 0.0                   0.0                   1.995               0
    14 1.0966331584284590E+3 0.0                   0.0                   2.114               0
    15 1.8080424144560630E+3 0.0                   0.0                   2.233               0
    16 2.9809579870417280E+3 0.0                   0.0                   2.352               0
    17 4.9147688402991340E+3 0.0                   0.0                   2.471               0
    18 8.1030839275753840E+3 0.0                   0.0                   2.59                0
    19 1.3359726829661870E+4 0.0                   0.0                   2.709               0
    20 2.2026465794806720E+4 0.0                   0.0                   2.828               0
    21 3.6315502674246640E+4 0.0                   0.0                   2.946               0
    22 5.9874141715197820E+4 0.0                   0.0                   3.065               0
t = 22; k[] = 2.828, 2.946, 3.065
dk/dt = 0.1195
k - 3 - (dk/dt / k) = 0.026011419249592
N = 5.8604406156800470E+4