
     0 0.0                  
     1 -3.0674913516901E-1  
     2 -1.137750142588E-1   
     3 -2.082329385784E-1   
     4 -4.20353720602E-1    
     5 -6.976370858328E-1   
     6 -1.0152306797291     
     7 -1.3609765531356     
     8 -1.727443145625      
     9 -2.1095395728371     
    10 -2.5043006968946     
    11 -2.9088861721618     
    12 -3.3218835749425     
    13 -3.7422379222537     
    14 -4.1677720307769     
    15 -4.5988167120159     
    16 -5.0343111297816     
    17 -5.4736291178445     
    18 -5.9165015086345     
    19 -6.3625742800696     
    20 -6.8112443786011     
    21 -7.2622612056356     
    22 -7.7158532052207     
    23 -8.1716363360619     
    24 -8.6286600255061     
    25 -9.0879467237619     
    26 -9.5487338387756     
    27 -1.00113449483927E+1 
    28 -1.04747697167669E+1 
    29 -1.09395516751596E+1 
    30 -1.14057113806629E+1 
    31 -1.18728531774329E+1 
    32 -1.23410678100673E+1 
    33 -1.28101401960366E+1 
    34 -1.32803721514239E+1 
    35 -1.37515052279886E+1 
    36 -1.42237495929549E+1 
    37 -1.46960340659798E+1 
    38 -1.51693768729177E+1 
    39 -1.56433629083444E+1 
    40 -1.61179706431451E+1 
    41 -1.65934204634177E+1 
    42 -1.70690178268017E+1 
    43 -1.75456770147445E+1 
    44 -1.80227440443108E+1 
    45 -1.85002104995757E+1 
    46 -1.8978431439647E+1  
    47 -1.945673835796E+1   
    48 -1.99355790129762E+1 
    49 -2.04149644772914E+1 
    50 -2.08946949525739E+1 
    51 -2.13748758980637E+1 
    52 -2.18555980368626E+1 
    53 -2.23364702321759E+1 
    54 -2.28178696263658E+1 
    55 -2.32993418738726E+1 
    56 -2.37813019938369E+1 
    57 -2.42637165139735E+1 
    58 -2.47464600295416E+1 
    59 -2.52296452164993E+1 
    60 -2.5712563993655E+1  
    61 -2.61960185544927E+1 
    62 -2.6679646264678E+1  
    63 -2.71636806041025E+1 
    64 -2.76480625817834E+1 
    65 -2.81322624956694E+1 
    66 -2.86172335806936E+1 
    67 -2.91022257677041E+1 
    68 -2.95873806808579E+1 
    69 -3.00727378329658E+1 
    70 -3.05583980698187E+1 
    71 -3.10441192330747E+1 
    72 -3.1530184005627E+1  
    73 -3.20164665573517E+1 
    74 -3.25027049499309E+1 
    75 -3.29894924052967E+1 
    76 -3.34760899234987E+1 
    77 -3.39630081279564E+1 
    78 -3.44503654375665E+1 
    79 -3.493746755671E+1   
    80 -3.54248656180522E+1 
    81 -3.59123356871936E+1 
    82 -3.64002060129968E+1 
    83 -3.68878541209085E+1 
    84 -3.73761826172267E+1 
    85 -3.78642355169467E+1 
    86 -3.83525196995895E+1 
    87 -3.88408201860195E+1 
    88 -3.93295770511348E+1 
    89 -3.98180941824199E+1 
    90 -4.03070973907048E+1 
    91 -4.07959807371172E+1 
    92 -4.1285290699841E+1  
    93 -4.17741321069038E+1 
    94 -4.22635896490901E+1 
    95 -4.27530135639905E+1 
    96 -4.32426220290582E+1 
    97 -4.37319601204297E+1 
    98 -4.42219861837965E+1 
    99 -4.47117897638615E+1 
   100 -4.5201666923784E+1  
   101 -4.56914845813848E+1 
   102 -4.61820418910148E+1 
   103 -4.66721217427984E+1 
   104 -4.71624200625607E+1 
   105 -4.76525313977785E+1 
   106 -4.8143449446106E+1  
   107 -4.86341111299711E+1 
   108 -4.91246951981468E+1 
   109 -4.96155328433649E+1 
   110 -5.01066438742366E+1 
   111 -5.05974853961877E+1 
   112 -5.1088480513957E+1  
   113 -5.15795142458137E+1 
   114 -5.20706365024036E+1 
   115 -5.25622189660928E+1 
   116 -5.30531986908947E+1 
   117 -5.35446288016803E+1 
   118 -5.40362223388664E+1 
   119 -5.45277228554075E+1 
   120 -5.5019439744178E+1  
   121 -5.55109662940093E+1 
   122 -5.60028079302898E+1 
   123 -5.64946261956146E+1 
   124 -5.6986391677616E+1  
   125 -5.74786336116838E+1 
   126 -5.79706213935636E+1 
   127 -5.84626418229525E+1 
   128 -5.89548203263864E+1 
   129 -5.94471057597444E+1 
   130 -5.99391752336525E+1 
   131 -6.04316149860259E+1 
   132 -6.09240552936367E+1 
   133 -6.14162136607233E+1 
   134 -6.19091109427291E+1 
   135 -6.24014969485396E+1 
   136 -6.2894250966491E+1  
   137 -6.33868954809239E+1 
   138 -6.38798018569669E+1 
   139 -6.43722044796824E+1 
   140 -6.48651483679168E+1 
   141 -6.53581410100999E+1 
   142 -6.58507228797118E+1 
   143 -6.63441847807351E+1 
   144 -6.68368986545581E+1 
   145 -6.73300411643235E+1 
   146 -6.78232475367257E+1 
   147 -6.83161413352563E+1 
   148 -6.88094966818259E+1 
   149 -6.93028416892366E+1 
   150 -6.97962052607898E+1 
   151 -7.02897696639221E+1 
   152 -7.07828987894018E+1 
   153 -7.12765912620866E+1 
   154 -7.17698958617184E+1 
   155 -7.22633720896378E+1 
   156 -7.27567703330235E+1 
   157 -7.32504691106897E+1 
   158 -7.37443894969541E+1 
   159 -7.42380167689028E+1 
   160 -7.47316853558342E+1 
   161 -7.52253838386246E+1 
   162 -7.57192022455257E+1 
   163 -7.62131033606643E+1 
   164 -7.67070071512919E+1 
   165 -7.72010297656185E+1 
   166 -7.76949728603755E+1 
   167 -7.81888334462913E+1 
   168 -7.86829872156398E+1 
   169 -7.9176952558291E+1  
   170 -7.96712420126878E+1 
   171 -8.01650789317824E+1 
   172 -8.06592773090476E+1 
   173 -8.11535562504553E+1 
   174 -8.16480290566615E+1 
   175 -8.21422870543895E+1 
   176 -8.26363365718669E+1 
   177 -8.31307893223942E+1 
   178 -8.3625053036886E+1  
   179 -8.41191364991123E+1 
   180 -8.46138438475548E+1 
   181 -8.51082351749072E+1 
   182 -8.56027605434953E+1 
   183 -8.60974078733656E+1 
   184 -8.65920814490711E+1 
   185 -8.70863968186697E+1 
   186 -8.75810020515849E+1 
   187 -8.80757177559275E+1 
   188 -8.85708003447871E+1 
   189 -8.90649737960374E+1 
   190 -8.95597522591526E+1 
   191 -9.00544863049254E+1 
   192 -9.05493068879473E+1 
   193 -9.10439124979912E+1 
   194 -9.15392026934017E+1 
   195 -9.20338612467223E+1 
   196 -9.25287381462865E+1 
   197 -9.30236460247401E+1 
   198 -9.35183248023085E+1 
   199 -9.40135044161206E+1 
   200 -9.4508545401082E+1  
   201 -9.5003539702931E+1  
   202 -9.54988087807189E+1 
   203 -9.59935134977583E+1 
   204 -9.64887947864258E+1 
   205 -9.69838006832716E+1 
   206 -9.74789967129805E+1 
   207 -9.79743641410947E+1 
   208 -9.84694114646387E+1 
   209 -9.89646389831052E+1 
   210 -9.94598052212226E+1 
   211 -9.9954566866704E+1  
   212 -1.00450278499248E+2 
   213 -1.009456019057806E+2
   214 -1.014408295200582E+2
   215 -1.019361942918324E+2
   216 -1.024314628080159E+2
   217 -1.029268618611296E+2
   218 -1.03422287842611E+2 
   219 -1.039177858138936E+2
   220 -1.044132219412777E+2
   221 -1.049083874496423E+2
   222 -1.054043278371878E+2
   223 -1.058996720314999E+2
   224 -1.06395176184825E+2 
   225 -1.068905345916556E+2
   226 -1.073864419240878E+2
   227 -1.078819828574087E+2
   228 -1.083775279853756E+2
   229 -1.088731875271158E+2
   230 -1.093689018235569E+2
   231 -1.098645646269683E+2
   232 -1.103600430776937E+2
   233 -1.108557936891044E+2
   234 -1.113519642382424E+2
   235 -1.118472577383759E+2
   236 -1.123430138382944E+2
   237 -1.128388315854149E+2
   238 -1.133345496702486E+2
   239 -1.138302505666985E+2
   240 -1.143261065739281E+2
   241 -1.148220188816194E+2
   242 -1.153179265238934E+2
   243 -1.158138260686595E+2
   244 -1.163097994103869E+2
   245 -1.168057788553553E+2
   246 -1.173015551061677E+2
   247 -1.177975225764921E+2
   248 -1.182934358163551E+2
   249 -1.187896189335053E+2
   250 -1.192853212705478E+2
   251 -1.197813160247383E+2
   252 -1.202774640794386E+2
   253 -1.207733178896525E+2
   254 -1.212695124692115E+2
   255 -1.217656642755516E+2
   256 -1.222617147605705E+2
   257 -1.227579766490948E+2
   258 -1.232536923206184E+2
   259 -1.237501467454005E+2
   260 -1.242461292936745E+2
   261 -1.247423745344674E+2
   262 -1.25238172544949E+2 
   263 -1.257348792706423E+2
   264 -1.262310169854537E+2
   265 -1.267271453746338E+2
   266 -1.272233660955384E+2
   267 -1.277193404766198E+2
   268 -1.282159135129292E+2
   269 -1.287120499712782E+2
   270 -1.292084107022917E+2
   271 -1.297048120495704E+2
   272 -1.302011979050541E+2
   273 -1.306973039637451E+2
   274 -1.31193749312942E+2 
   275 -1.316900528044635E+2
   276 -1.321865646724329E+2
   277 -1.326829504227627E+2
   278 -1.331792886829794E+2
   279 -1.336755728074287E+2
   280 -1.341718550649308E+2
   281 -1.346685131135663E+2
   282 -1.351650310298119E+2
   283 -1.356613257571768E+2
   284 -1.361578280044688E+2
   285 -1.366544433970114E+2
   286 -1.371506903276202E+2
   287 -1.376474688265304E+2
   288 -1.381439322790441E+2
   289 -1.386404536807776E+2
   290 -1.391367965302495E+2
   291 -1.396336595491486E+2
   292 -1.401301849655818E+2
   293 -1.40626698740963E+2 
   294 -1.411232498966814E+2
   295 -1.416197815989302E+2
   296 -1.42116562042926E+2 
   297 -1.426130873250574E+2
   298 -1.431097266925047E+2
   299 -1.436066176029994E+2
   300 -1.441031405688239E+2
   301 -1.445996117746312E+2
   302 -1.450963981055352E+2
   303 -1.455932949537807E+2
   304 -1.460898923435338E+2
   305 -1.465864193909726E+2
   306 -1.470831957230477E+2
   307 -1.475799529666529E+2
   308 -1.480770898396465E+2
   309 -1.485732947297923E+2
   310 -1.490701940438609E+2
   311 -1.495671264671708E+2
   312 -1.500638342418106E+2
   313 -1.505603956432399E+2
   314 -1.510575050586518E+2
   315 -1.515543789325144E+2
   316 -1.520511455817231E+2
   317 -1.525476547473228E+2
   318 -1.530448240320999E+2
   319 -1.535417106948452E+2
   320 -1.540384673324663E+2
   321 -1.5453544567001E+2  
   322 -1.550324385229856E+2
   323 -1.555290553916674E+2
   324 -1.560261514246577E+2
   325 -1.565230344761603E+2
   326 -1.570203541577133E+2
   327 -1.575168442531828E+2
   328 -1.580136978595759E+2
   329 -1.585107817168347E+2
   330 -1.590078035094595E+2
   331 -1.59504358313893E+2 
   332 -1.600017742658336E+2
   333 -1.604985621207996E+2
   334 -1.609956364497934E+2
   335 -1.61492712146115E+2 
   336 -1.619899006278269E+2
   337 -1.624869608525277E+2
   338 -1.62983749558937E+2 
   339 -1.634808832049096E+2
   340 -1.639780584882998E+2
   341 -1.644749452476465E+2
   342 -1.649719015834575E+2
   343 -1.654690568460941E+2
   344 -1.659662656396367E+2
   345 -1.664632034060987E+2
   346 -1.669603253565523E+2
   347 -1.674575783306832E+2
   348 -1.679546876637356E+2
   349 -1.684522399860576E+2
   350 -1.689491877413366E+2
   351 -1.694461024035042E+2
   352 -1.69943321564922E+2 
   353 -1.704403568056468E+2
   354 -1.709379149235563E+2
   355 -1.714349025407146E+2
   356 -1.71931842238498E+2 
   357 -1.724290918007604E+2
   358 -1.729263672308094E+2
   359 -1.734232724381918E+2
   360 -1.739209200518099E+2
   361 -1.744180820516972E+2
   362 -1.749152150654343E+2
   363 -1.754128911894452E+2
   364 -1.759094556500233E+2
   365 -1.764071198724976E+2
   366 -1.769041864178687E+2
   367 -1.774015202136855E+2
   368 -1.778989929250911E+2
   369 -1.783958561304495E+2
   370 -1.788932392327218E+2
   371 -1.793907165417126E+2
   372 -1.798880079826769E+2
   373 -1.803850857463062E+2
   374 -1.808826453683755E+2
   375 -1.813799737024296E+2
   376 -1.818772665365402E+2
   377 -1.82374723199622E+2 
   378 -1.828720708880705E+2
   379 -1.833694424938476E+2
   380 -1.838667234251196E+2
   381 -1.843641027760334E+2
   382 -1.848612573301335E+2
   383 -1.853587996169694E+2
   384 -1.858563170650823E+2
   385 -1.863535737955923E+2
   386 -1.868506644829852E+2
   387 -1.873483500609903E+2
   388 -1.878458168940768E+2
   389 -1.883433098645216E+2
   390 -1.888406647509664E+2
   391 -1.893377800490847E+2
   392 -1.898355657715496E+2
   393 -1.903331542475908E+2
   394 -1.908304276474921E+2
   395 -1.913279371883589E+2
   396 -1.918252322497556E+2
   397 -1.923228084965329E+2
   398 -1.928204522330756E+2
   399 -1.933178950327602E+2
   400 -1.938150846531921E+2
   401 -1.943127776925435E+2
   402 -1.94810259676561E+2 
   403 -1.953078577174934E+2
   404 -1.958054336044389E+2
   405 -1.963027069097135E+2
   406 -1.968005356522383E+2
   407 -1.972979767717675E+2
   408 -1.977956449404759E+2
   409 -1.982927370025173E+2
   410 -1.987906179004317E+2
   411 -1.992882027012138E+2
   412 -1.997857678838705E+2
   413 -2.00283374631789E+2 
   414 -2.007806142459347E+2
   415 -2.012785592474094E+2
   416 -2.017760551826088E+2
   417 -2.022737209641513E+2
   418 -2.027714020936153E+2
   419 -2.032692164493979E+2
   420 -2.037665414417026E+2
   421 -2.042641067757477E+2
   422 -2.04761822871154E+2 
   423 -2.052594280453238E+2
   424 -2.057571202959181E+2
   425 -2.062548050760456E+2
   426 -2.067524621265007E+2
   427 -2.072500703009414E+2
   428 -2.077479134211483E+2
   429 -2.08245318266732E+2 
   430 -2.087431749385224E+2
   431 -2.092407322465963E+2
   432 -2.097387510392559E+2
   433 -2.102358683885276E+2
   434 -2.107339026352497E+2
   435 -2.112315969618514E+2
   436 -2.11729149593861E+2 
   437 -2.122271456771545E+2
   438 -2.127244600234136E+2
   439 -2.132224130272949E+2
   440 -2.137200656096477E+2
   441 -2.142178364960932E+2
   442 -2.147154242240624E+2
   443 -2.152131098525349E+2
   444 -2.157110451762978E+2
   445 -2.162088396854338E+2
   446 -2.1670656959056E+2  
   447 -2.172042435382765E+2
   448 -2.177021190104351E+2
   449 -2.181998193344278E+2
   450 -2.186975600431957E+2
   451 -2.191951471608274E+2
   452 -2.196932360215078E+2
   453 -2.20191073410327E+2 
   454 -2.206888157621187E+2
   455 -2.211864964923191E+2
   456 -2.216843511738857E+2
   457 -2.221822497378259E+2
   458 -2.226800602874759E+2
   459 -2.231778002136295E+2
   460 -2.236755119489369E+2
   461 -2.241734251166834E+2
   462 -2.246713547924183E+2
   463 -2.251691533175538E+2
   464 -2.256669316596038E+2
   465 -2.261648096904427E+2
   466 -2.266625962740244E+2
   467 -2.271605047654112E+2
   468 -2.276583644500424E+2
   469 -2.281562071546838E+2
   470 -2.28654376439196E+2 
   471 -2.291519033630536E+2
   472 -2.296498278856345E+2
   473 -2.301477312696181E+2
   474 -2.30645521080475E+2 
   475 -2.311435809040954E+2
   476 -2.316413839544386E+2
   477 -2.321393017439517E+2
   478 -2.326375904253886E+2
   479 -2.331352182068191E+2
   480 -2.336329633560881E+2
   481 -2.341308790657243E+2
   482 -2.346289283697795E+2
   483 -2.351269988597675E+2
   484 -2.356247170014934E+2
   485 -2.361226089688026E+2
   486 -2.366207211198296E+2
   487 -2.371186390335275E+2
   488 -2.376164783876269E+2
   489 -2.381143551320152E+2
   490 -2.386124630136754E+2
   491 -2.391104274934555E+2
   492 -2.396080812504477E+2
   493 -2.401062096488574E+2
   494 -2.406042271538721E+2
   495 -2.411022408248414E+2
   496 -2.416002206457951E+2
   497 -2.420980860092934E+2
   498 -2.425961032866354E+2
   499 -2.430941253710685E+2
   500 -2.435922674810879E+2
   501 -2.440898617728352E+2
   502 -2.445882262141983E+2
   503 -2.450861628234503E+2
   504 -2.455842511197187E+2
   505 -2.460823003371547E+2
   506 -2.465805938857226E+2
   507 -2.470780998346889E+2
   508 -2.475762376413416E+2
   509 -2.480743631404995E+2
   510 -2.485724124020417E+2
   511 -2.490702002348664E+2
   512 -2.495685591176605E+2
   513 -2.500664585886793E+2
   514 -2.505646666307149E+2
   515 -2.510628628541963E+2
   516 -2.515605853715385E+2
   517 -2.520588812198016E+2
   518 -2.525568454052806E+2
   519 -2.530549349468142E+2
   520 -2.535533592398646E+2
   521 -2.540510325415567E+2
   522 -2.545490928728474E+2
   523 -2.550473477122651E+2
   524 -2.55545049277949E+2 
   525 -2.560431638966184E+2
   526 -2.565416521149723E+2
   527 -2.570397627142287E+2
   528 -2.575377137805438E+2
   529 -2.580360909258918E+2
   530 -2.585338638465439E+2
   531 -2.590320484511081E+2
   532 -2.595302411139784E+2
   533 -2.600283818473042E+2
   534 -2.605264452695699E+2
   535 -2.61024618209794E+2 
   536 -2.615227867119693E+2
   537 -2.620208908553112E+2
   538 -2.625185768503083E+2
   539 -2.630173301245911E+2
   540 -2.635153513485217E+2
   541 -2.640134571607636E+2
   542 -2.645115697075304E+2
   543 -2.650096903903461E+2
   544 -2.655077453801641E+2
   545 -2.660061091007468E+2
   546 -2.665041959495551E+2
   547 -2.670024010561481E+2
   548 -2.67500457836962E+2 
   549 -2.679988912020105E+2
   550 -2.684970151644535E+2
   551 -2.689951287856871E+2
   552 -2.69493309504083E+2 
   553 -2.699913470184377E+2
   554 -2.704895703115928E+2
   555 -2.709878226086436E+2
   556 -2.714860479691995E+2
   557 -2.719843849692728E+2
   558 -2.724823579825387E+2
   559 -2.72980793460015E+2 
   560 -2.734789334407009E+2
   561 -2.739768544076274E+2
   562 -2.744751800784564E+2
   563 -2.749734679008604E+2
   564 -2.75471710189942E+2 
   565 -2.759700862420436E+2
   566 -2.764683920712669E+2
   567 -2.769665333437323E+2
   568 -2.774647421787289E+2
   569 -2.779629846006237E+2
   570 -2.784612591132415E+2
   571 -2.78959350097724E+2 
   572 -2.794577186661503E+2
   573 -2.799560756255653E+2
   574 -2.804542580296905E+2
   575 -2.809520905460127E+2
   576 -2.814508995816342E+2
   577 -2.81948954313442E+2 
   578 -2.824473252025677E+2
   579 -2.829455954510271E+2
   580 -2.834438648122596E+2
   581 -2.839420417352881E+2
   582 -2.844403258688486E+2
   583 -2.849386480410796E+2
   584 -2.854366486429418E+2
   585 -2.859350921412482E+2
   586 -2.86433423456383E+2 
   587 -2.86931870855102E+2 
   588 -2.874300940361414E+2
   589 -2.879285820259585E+2
   590 -2.884268040526103E+2
   591 -2.88925127294514E+2 
   592 -2.89423411058346E+2 
   593 -2.899216820404123E+2
   594 -2.904196970766774E+2
   595 -2.909183719558744E+2
   596 -2.914165800517247E+2
   597 -2.919149654618775E+2
   598 -2.924131422399494E+2
   599 -2.929113716804246E+2
   600 -2.934100731240739E+2
   601 -2.939082460718448E+2
   602 -2.944065550365812E+2
   603 -2.949047476541429E+2
   604 -2.954031265692852E+2
   605 -2.959015044741492E+2
   606 -2.963999055474707E+2
   607 -2.968987681632306E+2
   608 -2.973969544087239E+2
   609 -2.978950982456002E+2
   610 -2.983934021351227E+2
   611 -2.988917166355685E+2
   612 -2.993901293104977E+2
   613 -2.998884272314338E+2
   614 -3.003868609352729E+2
   615 -3.008851802114235E+2
   616 -3.013836501931265E+2
   617 -3.018820064067347E+2
   618 -3.023803533398024E+2
   619 -3.028786356186155E+2
   620 -3.033771306344209E+2
   621 -3.038755121652366E+2
   622 -3.043736617449609E+2
   623 -3.048721822880826E+2
   624 -3.053706536645306E+2
   625 -3.058691530092537E+2
   626 -3.0636761705624E+2  
   627 -3.068659189909671E+2
   628 -3.073642181549919E+2
   629 -3.078627490228296E+2
   630 -3.083612196721245E+2
   631 -3.088595112897488E+2
   632 -3.093580356651432E+2
   633 -3.098563990682759E+2
   634 -3.103548463633428E+2
   635 -3.108529168323374E+2
   636 -3.113517619859999E+2
   637 -3.118501156637479E+2
   638 -3.123485266293453E+2
   639 -3.128469508251525E+2
   640 -3.133455448212063E+2
   641 -3.138439394921694E+2
   642 -3.143423749883301E+2
   643 -3.148406464373324E+2
   644 -3.153390884103957E+2
   645 -3.158376783940343E+2
   646 -3.163361197981075E+2
   647 -3.168344449133892E+2
   648 -3.173329393030778E+2
   649 -3.17831675910576E+2 
   650 -3.183298929905604E+2
   651 -3.188283685334615E+2
   652 -3.193267636941634E+2
   653 -3.198248260854536E+2
   654 -3.203238071015429E+2
   655 -3.208221293370848E+2
   656 -3.21320763975926E+2 
   657 -3.218191259119754E+2
   658 -3.223176339413247E+2
   659 -3.228162405483875E+2
   660 -3.233145064580396E+2
   661 -3.238131831167284E+2
   662 -3.24311592490433E+2 
   663 -3.248102099233442E+2
   664 -3.253086480287936E+2
   665 -3.258069953688242E+2
   666 -3.263055627184697E+2
   667 -3.268037702397044E+2
   668 -3.273028066585134E+2
   669 -3.278011614630618E+2
   670 -3.28299527983015E+2 
   671 -3.287980538341984E+2
   672 -3.292968259304769E+2
   673 -3.297949505831853E+2
   674 -3.302936018058077E+2
   675 -3.307921756384075E+2
   676 -3.312904710408171E+2
   677 -3.317891737782078E+2
   678 -3.322876439682597E+2
   679 -3.327861911079414E+2
   680 -3.332847255862399E+2
   681 -3.337834120889405E+2
   682 -3.342817687939766E+2
   683 -3.347802355413693E+2
   684 -3.352788837188775E+2
   685 -3.357773816929278E+2
   686 -3.362759092028442E+2
   687 -3.367743868338377E+2
   688 -3.372731246555867E+2
   689 -3.377716520708964E+2
   690 -3.382703606002887E+2
   691 -3.387689562222724E+2
   692 -3.392672172216224E+2
   693 -3.397658207690902E+2
   694 -3.402644164943133E+2
   695 -3.407629781686953E+2
   696 -3.412614481944056E+2
   697 -3.417600997095295E+2
   698 -3.422585821461377E+2
   699 -3.427571118260362E+2
   700 -3.432555242218567E+2
   701 -3.437545067943655E+2
   702 -3.442528156713542E+2
   703 -3.447514353111394E+2
   704 -3.45250165857102E+2 
   705 -3.457487558028978E+2
   706 -3.462472294894068E+2
   707 -3.467459076391535E+2
   708 -3.472444591063563E+2
   709 -3.477432278208379E+2
   710 -3.482414782161547E+2
   711 -3.487402063277268E+2
   712 -3.492388374906381E+2
   713 -3.497370007609558E+2
   714 -3.502360450719205E+2
   715 -3.50734538424036E+2 
   716 -3.512332496431394E+2
   717 -3.517318331034004E+2
   718 -3.522300517705118E+2
   719 -3.52728871857719E+2 
   720 -3.5322751925367E+2  
   721 -3.537262351999651E+2
   722 -3.542248703952872E+2
   723 -3.547233894971113E+2
   724 -3.552219132666543E+2
   725 -3.557207922672754E+2
   726 -3.562193183520753E+2
   727 -3.567178174995365E+2
   728 -3.572166425187334E+2
   729 -3.577151190633014E+2
   730 -3.582138237203276E+2
   731 -3.587124258469503E+2
   732 -3.592107600813287E+2
   733 -3.597098619674034E+2
   734 -3.602084141636655E+2
   735 -3.607070495149772E+2
   736 -3.612054152760012E+2
   737 -3.617039984141007E+2
   738 -3.622030635813196E+2
   739 -3.627015437503719E+2
   740 -3.632002346677018E+2
   741 -3.63698726217244E+2 
   742 -3.641976050921427E+2
   743 -3.646960645191123E+2
   744 -3.65194739054177E+2 
   745 -3.656934785107705E+2
   746 -3.661921031029063E+2
   747 -3.666909018273972E+2
   748 -3.671893847986356E+2
   749 -3.676881761938528E+2
   750 -3.681871324264697E+2
   751 -3.686853583538759E+2
   752 -3.691841416498602E+2
   753 -3.696827485207902E+2
   754 -3.701814385226321E+2
   755 -3.70680469848431E+2 
   756 -3.711786520115205E+2
   757 -3.716774362851526E+2
   758 -3.721762253024877E+2
   759 -3.726746418478044E+2
   760 -3.731733116140597E+2
   761 -3.736720542862784E+2
   762 -3.741708427488534E+2
   763 -3.746695586015256E+2
   764 -3.751682006720635E+2
   765 -3.756671361418435E+2
   766 -3.761656795963195E+2
   767 -3.766643677133928E+2
   768 -3.771630765295524E+2
   769 -3.776615992491744E+2
   770 -3.781602967151123E+2
   771 -3.786592100473367E+2
   772 -3.791578094117653E+2
   773 -3.796563838323326E+2
   774 -3.801553525526103E+2
   775 -3.806539331030867E+2
   776 -3.811526251143368E+2
   777 -3.816514420023124E+2
   778 -3.821502602705517E+2
   779 -3.826490342966493E+2
   780 -3.831474653499264E+2
   781 -3.836463078509104E+2
   782 -3.841446178107047E+2
   783 -3.846439439249493E+2
   784 -3.851424738291096E+2
   785 -3.856410926408576E+2
   786 -3.861398753677908E+2
   787 -3.866384136690827E+2
   788 -3.871374037844422E+2
   789 -3.876360300468942E+2
   790 -3.88134901092449E+2 
   791 -3.886335072390224E+2
   792 -3.891324517305856E+2
   793 -3.896311770378052E+2
   794 -3.901297592502229E+2
   795 -3.906284412486957E+2
   796 -3.911271958085857E+2
   797 -3.916260651124098E+2
   798 -3.921247500775202E+2
   799 -3.926234019160738E+2
   800 -3.931222703474221E+2
   801 -3.936207504515117E+2
   802 -3.941197013219035E+2
   803 -3.946184532009433E+2
   804 -3.951172453289211E+2
   805 -3.956162391453915E+2
   806 -3.961147035575934E+2
   807 -3.966135902350601E+2
   808 -3.97112244543589E+2 
   809 -3.976110089791216E+2
   810 -3.981100912946836E+2
   811 -3.986083515459846E+2
   812 -3.991073476199884E+2
   813 -3.996061152835222E+2
   814 -4.001049307271375E+2
   815 -4.006033445918992E+2
   816 -4.011023481906159E+2
   817 -4.016012135562601E+2
   818 -4.021000276293873E+2
   819 -4.02598677230907E+2 
   820 -4.030974414359518E+2
   821 -4.035962304949276E+2
   822 -4.040950320895539E+2
   823 -4.04593874013393E+2 
   824 -4.050926002028206E+2
   825 -4.055914486035754E+2
   826 -4.060903563793491E+2
   827 -4.065889905024864E+2
   828 -4.070875578307048E+2
   829 -4.075866868470448E+2
   830 -4.080853508162694E+2
   831 -4.085842541297546E+2
   832 -4.090829120378888E+2
   833 -4.095816260661832E+2
   834 -4.100804082578813E+2
   835 -4.105790081693992E+2
   836 -4.110774275384654E+2
   837 -4.115755899342906E+2
   838 -4.12073548243768E+2 
   839 -4.125705777075528E+2
   840 -4.130670461867627E+2
   841 -4.135617274036271E+2
   842 -4.140538956870677E+2
   843 -4.145417943804382E+2
   844 -4.150225600465141E+2
   845 -4.154923970095929E+2
   846 -4.159452004792538E+2
   847 -4.16372714306568E+2 
   848 -4.167637659323782E+2
   849 -4.171072304932387E+2
   850 -4.173928961242457E+2
   851 -4.176168769822067E+2
   852 -4.177818474105607E+2
   853 -4.178969186177084E+2
   854 -4.179733957270415E+2
   855 -4.180225010416433E+2
   856 -4.180530130769583E+2
   857 -4.180716830111323E+2
   858 -4.180826400992421E+2
   859 -4.180889589412358E+2
   860 -4.180922898635625E+2
   861 -4.180939072436823E+2
   862 -4.180944412625364E+2
   863 -4.180943588481466E+2
   864 -4.18093815682056E+2 
   865 -4.180929662579982E+2
   866 -4.180921180760376E+2
   867 -4.180911175822595E+2
   868 -4.180899648443797E+2
   869 -4.180888134337747E+2
   870 -4.180878168982614E+2
   871 -4.180866681330576E+2
   872 -4.180855206860011E+2
   873 -4.180843745540705E+2
   874 -4.180832297342545E+2
   875 -4.180820862235524E+2
   876 -4.180809440189737E+2
   877 -4.180798031175379E+2
   878 -4.180786635162749E+2
   879 -4.180775252122249E+2
   880 -4.180763882024378E+2
   881 -4.180752524839739E+2
   882 -4.180741180539033E+2
   883 -4.180729849093061E+2
   884 -4.180718530472724E+2
   885 -4.180707224649021E+2
   886 -4.18069593159305E+2 
   887 -4.180684651276005E+2
   888 -4.180673383669179E+2
   889 -4.180662128743961E+2
   890 -4.180650886471839E+2
   891 -4.180639656824392E+2
   892 -4.1806284397733E+2  
   893 -4.180617235290336E+2
   894 -4.180606043347365E+2
   895 -4.180594863916352E+2
   896 -4.180583696969351E+2
   897 -4.180572542478513E+2
   898 -4.180561400416079E+2
   899 -4.180550270754384E+2
   900 -4.180539153465857E+2